1
2
5
6
15
17
18
20
21
24
26
28
29
34
35
37
38
39
40
43
49
50
52
55
59
63
65
66
68
73
74
78
82
83
88
90
92
93
94
95
97
98
99
102
103
105
106
107
108
110
111
112
113
117
119
120
121
122
123
124
125
126
128
130
136
140
141
151
152
153
154
155
157
158
160
163
165
167
169
175
176
177
178
179
180
184
185
187
188
193
194
195
201
203
205
208
209
210
211
212
213
215
216
217
221
225
227
230
231
232
234
236
237
238
239
241
242
245
247
248
251
252
254
256
257
260
262
263
265
266
269
270
275
276
278
279
280
282
283
284
285
287
289
293
294
295
298
302
304
306
307
311
318
321
330
332
333
334
335
338
339
340
343
344
345
346
348
351
352
353
355
359
360
361
364
367
368
369
371
373
379
381
383
386
387
388
389
394
396
397
398
400
405
406
407
410
414
415
416
419
422
423
424
425
428
429
430
431
432
435
436
437
438
441
442
445
447
448
449
451
452
454
455
456
457
459
461
462
463
465
466
468
470
474
475
476
478
481
482
483
484
487
488
489
490
491
493
494
497
498
502
503
506
507
508
509
511
513
514
515
516
519
522
523
524
526
530
537
540
546
547
548
549
550
554
555
556
561
563
565
567
569
572
575
576
579
580
581
582
583
584
586
588
590
593
595
596
597
602
604
605
610
611
614
617
619
622
625
626
629
631
632
633
634
635
636
638
639
640
641
644
645
647
648
649
650
652
655
660
661
663
666
667
668
670
671
672
676
678
680
682
684
688
689
690
692
695
697
698
700
701
702
703
704
705
706
707
710
712
713
717
719
721
722
723
724
725
728
729
732
733
734
735
736
738
739
740
742
744
745
746
748
750
751
753
754
758
760
762
766
768
770
771
772
775
776
777
779
781
782
783
784
787
788
793
794
797
798
800
803
807
809
810
811
813
814
816
817
820
821
822
823
825
827
828
832
835
836
837
840
841
842
843
845
853
854
855
856
857
859
861
862
863
864
865
866
867
868
872
874
876
877
879
881
883
885
886
888
889
891
898
899
902
903
905
908
909
911
913
914
919
921
924
925
926
929
931
934
936
938
941
942
944
945
948
950
951
952
953
955
961
962
963
966
967
968
971
974
975
976
978
981
983
984
986
987
988
989
993
994
995
999
1000
520
520
513
